1185
1195
1199
1266
1292
1326
1333
1336
1386
1394
1397
1400
1423
1438
1447
1449
1450
1481
1491
1493
1496
1532
1549
1560
1579
1583
1585
1588
1596
1600
1621
1657
1660
1664
1669
1670
1682
1735
1744
1800
1828
1836
1841
1846
1862
1865
1866
1900
1921
1933
1940
1941
1942
1975
1977
1978
1981
1982
1983
1987
1988
1991
1992
1994
1996
1997
2002
2003
2006
2007
2008
2009
2010
2011
2012
2013
2014
2015
2016
2017
2018
2019
2020
2021
2022
2023
2024
2026
2027
2030
2032
2039
2049
2051
2055
2056
2057
2119
2120
2126
2127
2128
2132
2136
2137
2140
2141
2142
2143
2144
2145
2149
2150
2151
2152
2156
2158
2164
2166
2168
2170
2172
2173
2176
2177
2178
2179
2180
2181
2182
2183
2185
2186
2187
2188
2189
2190
2195
2196
2198
2219
2273
2349
2351
2356
2358
2360
2361
2362
2363
2368
2369
2370
2376
2377
2378
2379
2380
2381
2382
2383
2384
2385
2392
2394
2395
2396
2398
2415
2427
2428
2431
2432
2434
2435
2436
2437
2438
2439
2441
2442
2444
2445
2446
2448
2449
2451
2452
2453
2454
2455
2456
2457
2458
2459
2460
2461
2462
2464
2467
2468
2469
2470
2471
2472
2473
2474
2475
2476
2477
2478
2479
2480
2481
2482
2483
2484
2485
2487
2488
2489
2492
2493
2494
2495
2496
2497
2498
2499
2510
2511
2523
2525
2526
2533
2534
2535
2538
2539
2540
2541
2543
2546
2547
2548
2549
2551
2552
2555
2556
2557
2558
2559
2560
2561
2562
2563
2565
2566
2568
2569
2570
2571
2574
2575
2576
2577
2578
2579
2580
2581
2583
2585
2586
2587
2588
2589
2591
2597
2598
2599
2631
2632
2633
2634
2635
2636
2637
2638
2639
2640
2641
2644
2645
2646
2647
2658
2663
2664
2665
2666
2667
2668
2669
2670
2671
2672
2673
2675
2676
2681
2682
2683
2684
2685
2686
2687
2688
2689
2690
2691
2692
2693
2694
2695
2696
2697
2698
2699
2704
2705
2708
2709
2710
2711
2712
2715
2720
2721
2722
2723
2724
2725
2730
2731
2732
2733
2736
2737
2738
2739
2740
2741
2742
2750
2751
2752
2753
2754
2755
2756
2757
2758
2759
2760
2761
2762
2763
2765
2766
2767
2768
2769
2770
2771
2772
2773
2774
2777
2778
2779
2780
2781
2782
2784
2785
2786
2788
2790
2791
2792
2793
2794
2795
2796
2797
2798
2799
2809
2810
2811
2812
2813
2814
2815
2816
2817
2818
2819
2820
2821
2822
2823
2824
2825
2826
2827
2828
2829
2830
2831
2833
2834
2835
2836
2837
2838
2839
2840
2841
2842
2843
2844
2845
2846
2847
2848
2849
2850
2851
2852
2855
2856
2857
2858
2859
2860
2861
2862
2863
2864
2865
2866
2867
2868
2869
2870
2871
2873
2874
2875
2876
2877
2878
2879
2880
2881
2882
2885
2888
2895
2896
2897
2901
2902
2903
2904
2906
2907
2910
2911
2913
2914
2915
2916
2917
2918
2919
2920
2921
2922
2923
2924
2925
2926
2927
2928
2935
2936
2940
2941
2942
2943
2944
2945
2946
2948
2949
2950
2951
2952
2953
2954
2956
2957
2958
2959
2960
2963
2964
2966
2967
2968
2969
2976
2977
2978
2979
2980
2983
2984
2985
2986
2987
2992
2995
2996
2997
2998
2999
5001
5004
5020
5021
5031
5044
5060
5062
5067
5069
5070
5071
5073
5078
5081
5083
5093
5094
5095
5098
5099
5100
5103
5105
5106
5115
5117
5129
5130
5131
5132
5139
5142
5143
5144
5145
5148
5149
5150
5153
5155
5156
5158
5163
5164
5165
5166
5167
5169
5176
5177
5178
5179
5180
5182
5183
5186
5189
5201
5202
5203
5206
5207
5208
5210
5212
5213
5214
5215
5216
5217
5218
5219
5220
5221
5222
5223
5224
5225
5244
5245
5246
5247
5248
5249
5256
5260
5261
5262
5263
5264
5265
5266
5267
5268
5269
5270
5277
5278
5279
5280
5281
5283
5285
5287
5290
5295
5299
5300
5305
5306
5307
5308
5309
5310
5311
5313
5314
5316
5318
5321
5322
5326
5327
5328
5329
5330
5331
5332
5333
5334
5335
5348
5350
5351
5353
5356
5357
5358
5362
5363
5364
5366
5367
5368
5369
5370
5371
5372
5375
5376
5377
5378
5381
5385
5386
5387
5388
5389
5391
5392
5394
5395
5396
5400
5401
5402
5403
5404
5405
5406
5407
5408
5409
5410
5412
5413
5414
5415
5416
5417
5418
5419
5420
5421
5422
5423
5426
5427
5428
5429
5430
5431
5432
5435
5436
5437
5438
5439
5440
5441
5442
5443
5444
5445
5446
5447
5448
5449
5451
5452
5453
5454
5455
5456
5457
5458
5459
5460
5461
5462
5463
5464
5465
5466
5467
5468
5469
5470
5471
5472
5473
5475
5476
5477
5478
5479
5480
5481
5482
5483
5484
5485
5486
5487
5488
5489
5490
5491
5492
5493
5494
5495
5496
5497
5498
5499
5500
5501
5502
5503
5504
5505
5506
5507
5508
5509
5510
5511
5512
5513
5514
5515
5516
5517
5518
5519
5520
5521
5523
5524
5525
5526
5527
5528
5529
5531
5532
5533
5534
5535
5536
5537
5538
5539
5540
5541
5542
5543
5544
5545
5546
5547
5548
5549
5550
5552
5553
5554
5555
5556
5557
5558
5559
5560
5561
5562
5563
5564
5565
5566
5567
5568
5569
5570
5571
5572
5573
5574
5577
5578
5579
5580
5581
5582
5584
5585
5586
5588
5589
5590
5591
5592
5593
5594
5595
5596
5597
5598
5599
5600
5601
5602
5603
5604
5605
5606
5607
5608
5609
5610
5611
5612
5613
5614
5616
5617
5618
5619
5620
5622
5623
5624
5625
5626
5627
5629
5631
5632
5633
5636
5637
5638
5639
5640
5641
5642
5643
5644
5646
5647
5649
5650
5651
5652
5654
5655
5656
5658
5659
5660
5661
5662
5663
5664
5665
5666
5667
5668
5671
5672
5673
5675
5676
5677
5678
5679
5680
5681
5682
5688
5689
5690
5691
5692
5693
5694
5695
5696
5697
5699
5700
5701
5702
5703
5705
5706
5707
5708
5709
5710
5712
5714
5715
5716
5719
5720
5721
5722
5723
5724
5725
5726
5727
5729
5731
5732
5733
5734
5735
5736
5737
5738
5739
5740
5741
5742
5743
5744
5745
5746
5747
5748
5749
5750
5751
5752
5753
5754
5755
5756
5757
5758
5759
5760
5761
5762
5763
5764
5765
5766
5767
5768
5769
5770
5771
5772
5773
5774
5775
5776
5777
5778
5779
5780
5781
5782
5783
5784
5785
5786
5787
5788
5789
5790
5791
5792
5793
5794
5795
5796
5797
5798
5799
5803
5805
5809
5810
5812
5813
5815
5816
5817
5818
5819
5821
5822
5823
5825
5826
5828
5841
5843
5844
5846
5847
5852
5853
5856
5857
5858
5859
5864
5868
5869
5870
5871
5873
5874
5875
5881
5882
5883
5884
5885
5886
5887
5892
5893
5894
5895
5900
5901
5902
5903
5904
5905
5906
5907
5914
5917
5918
5919
5920
5933
5937
5938
5943
5945
5966
5967
5968
5969
5971
5972
5973
5978
5979
5985
13007
13016
13018
13019
13020
13021
13022
13023
13024
13025
13026
13029
13031
13032
13033
13036
13037
13042
13043
13045
13048
13051
13052
13056
13060
13063
13064
13065
13066
13067
13068
13071
13072
13075
13076
13077
13078
13079
13083
13085
13088
13092
13093
13094
13096
13097
13098
13099
13100
13108
13109
13110
13111
13112
13113
13114
13115
13116
13117
13124
13125
13126
13128
13129
13138
13146
13166
13171
13172
13173
13174
13175
13176
13177
13178
13179
13184
13185
13186
13187
13190
13196
13199
13301
13305
13306
13307
13308
13309
13310
13311
13313
13315
13316
13317
13321
13322
13323
13328
13329
13337
13338
13345
13400
13401
13402
13403
13406
13407
13408
13409
13410
13411
13416
13417
13418
13419
13420
13422
13424
13425
13426
13427
13428
13429
13430
13434
13438
13439
13440
13441
13444
13445
13449
13451
13452
13455
13456
13457
13460
13461
13462
13469
13493
15003
15004
15005
15006
15007
15008
15009
15010
15011
15015
15016
15017
15018
15019
15020
15021
15022
15023
15025
15026
15027
15028
15029
15030
15031
15035
15040
15041
15045
15046
15047
15048
15049
15050
15052
15054
15055
15056
15058
15060
15061
15062
15063
15064
15066
15067
15068
15070
15071
15072
15073
15074
15087
15088
15090
15091
15093
15094
15095
15096
15097
15098
15102
15103
15104
15105
15106
15108
15110
15111
15123
15125
15126
15128
15129
15138
15141
15143
15144
15145
15146
15147
15150
15151
15152
15153
15154
15155
15156
15162
15163
15164
15165
15166
15169
15174
15175
15176
15177
15178
15179
15180
15181
15182
15183
15184
15185
15186
15189
15191
15195
15204
15205
15209
15212
15280
15283
15348
15352
15376
15377
15378
15379
15380
15384
15405
15409
15417
15419
15420
15388
15389
16002
16005
16006
16007
16008
16009
16013
16014
16015
16016
16018
16019
16020
16021
16022
16023
16025
16026
16027
16028
16029
16030
16031
16032
16033
16034
16035
16036
16037
16038
16039
16041
16043
16048
16051
16060
16063
16065
16088
16089
16092
16093
16094
16095
16096
18100
18101
18102
18104
18107
18108
18112
18113
18116
18118
18119
18120
18121
18124
18125
18126
18127
18128
18132
18137
18138
18149
18174
18178
18179
18180
18184
18185
18186
18187
18188
18500
18501
18502
18504
18505
18506
18508
18509
18510
18513
18514
18515
18516
18517
18518
18519
18520
18521
18522
18523
18524
18525
18526
18527
18528
18529
18530
18531
18532
18533
18534
18536
18537
18538
18539
18540
18541
18542
18543
18548
18550
18551
18552
18553
18554
18555
18556
18557
18558
18559
18560
18561
18562
18563
18564
18565
18566
18568
18569
18570
18571
18572
18573
18574
18575
18576
18578
18579
18580
18581
18582
18583
18584
18585
18586
18587
18588
18589
18590
18592
18593
18594
18595
18596
18597
18598
18599
18600
18601
18603
18604
18605
18609
18610
18611
18612
18613
18614
18619
18622
18623
18624
18625
18627
18628
18629
18630
18631
18636
18637
18638
18639
18641
18642
18643
18645
18646
18647
18648
18650
18652
18653
18655
18656
18657
18659
18660
18661
18662
18663
18666
18667
18668
18669
18670
18672
18673
18674
18675
18676
18677
18678
18679
18680
18681
18682
18683
18684
18686
18687
18688
18689
18690
18692
18693
18694
18695
18696
18700
18701
18703
18704
18706
18707
18708
18709
18713
18714
18715
18718
18724
18728
18729
18730
18732
18733
18734
18737
18739
18745
18746
18747
18748
18749
18750
18753
18754
18755
18756
18759
18760
18761
18762
18763
18764
18765
18766
18767
18768
18769
18770
18771
18772
18773
18774
18775
18776
18779
18780
18781
18782
18785
18786
18787
18792
18793
18796
18803
18805
18806
18807
18808
18810
18813
18814
18815
18816
18817
18818
18819
18820
18821
18823
18827
18828
18829
18830
18831
18832
18839
18841
18842
18843
18844
18845
18846
18847
18848
18849
18850
18851
18852
18853
18854
18855
18856
18857
18858
18859
18860
18861
18863
18864
18865
18867
18868
18870
18871
18872
18873
18877
18878
18879
18880
18882
18885
18887
18888
18889
18890
18891
18892
18893
18894
18895
18896
18897
18898
18900
18901
18902
18908
18909
18910
18917
18918
18925
18929
18930
18931
18932
18933
18934
18936
18937
18938
18947
18948
18949
18960
18970
18971
18972
18973
18974
18975
18976
18977
18978
18979
18980
18981
18982
18983
18984
18985
18987
18997
19019
19020
19021
19024
19026
19030
19031
19033
19038
19039
19047
19048
19051
19052
19053
19079
19081
19082
19083
19084
19085
19086
19087
19088
19089
19090
19093
19095
19101
19102
19109
19111
19112
19114
19115
19116
19117
19118
19125
19126
19128
19129
19130
19131
19132
19133
19134
19137
19138
19139
19140
19141
19142
19143
19145
19146
19147
19148
19149
19150
19151
19152
19153
19154
19155
19156
19157
19159
19162
19164
19165
19166
19168
19171
19172
19173
19176
19177
19178
19179
19180
19181
19189
19190
19191
19192
19193
19194
19195
19196
19197
19198
19199
19200
19201
19202
19203
19204
19205
19209
19210
19223
19247
19246
19266
19269
19272
19273
19274
19285
19299
19306
19327
19329
19337
19342
19343
19344
19366
19379
19380
19381
19387
19391
19396
19397
19407
19409
19426
19428
19453
19469
19433
19500
19507
19508
19509
19510
19511
19512
19513
19514
19515
19516
19517
19518
19519
19520
19521
19522
19523
19524
19525
19526
19527
19528
19529
19530
19531
19532
19533
19534
19535
19536
19537
19538
19539
19540
19541
19542
19543
19544
19545
19546
19547
19549
19550
19551
19552
19553
19554
19555
19556
19557
19558
19559
19560
19561
19562
19565
19567
19568
19569
19570
19571
19572
19574
19579
19587
19588
19599
19619
19666
19707
19731
19733
19734
19736
19737
19739
19742
19764
19765
19779
19780
19853
19856
19903
19917
19918
19919
19920
19976
20025
20026
20027
20028
20234
20240
20285
20397
20404
20435
20439
20457
20459
20487
20515
20519
20522
20524
20535
20537
20538
20547
20548
20600
20700
20701
20702
20703
20704
20706
20707
20709
20710
20711
20712
20714
20717
20718
20721
20724
20725
20726
20728
20730
20732
20733
20749
20753
20756
20773
20778
20779
20780
20781
20782
20783
20787
20788
20789
20790
20797
20799
20800
20813
20814
20815
20819
20820
20821
20822
20823
20824
20825
20831
20834
20836
20837
20838
20840
20845
20846
20847
20856
20859
20860
20863
20922
20923
20925
20931
20932
20933
20934
20935
20936
20937
20941
20942
20943
20944
20948
20949
20952
20962
20969
21000
21002
21004
21005
21006
21007
21008
21009
21010
21011
21012
21013
21014
21016
21018
21019
21039
21047
21050
21051
21052
22000
22001
22002
22003
22004
22005
22006
22007
22008
22009
22010
22011
22012
22014
22015
22016
22017
22018
22032
22033
22034
22035
22036
22037
22042
22043
22044
22045
22059
22064
22067
22069
22072
22075
22076
22077
22078
22079
22080
22081
22082
22083
22084
22085
22089
22101
22103
22104
22106
22107
22108
22109
22110
22111
22112
22113
22114
22115
22116
22117
22118
22120
22122
22123
22124
22125
22126
22131
22133
22134
22138
22141
22145
22170
22171
22172
22189
22190
22192
22195
22196
22197
22198
22199
22200
22201
22207
22210
22214
24000
24001
24002
24003
24004
24005
24006
24007
24008
24009
24010
24011
24012
24013
24014
24015
24016
24017
24018
24019
24020
24021
24022
24023
24024
24025
24026
24027
24028
24029
24030
24031
24032
24033
24034
24035
24036
24037
24038
24039
24040
24041
24042
24043
24044
24045
24046
24047
24048
24049
24050
24051
24052
24053
24054
24055
24056
24057
24058
24059
24060
24061
24062
24063
24064
24065
24066
24067
24068
24069
24070
24071
24072
24073
24074
24075
24076
24077
24078
24079
24080
24081
24082
24083
24084
24085
24086
24087
24088
24089
24090
24091
24092
24093
24094
24095
24096
24097
24098
24099
24100
24101
24102
24103
24104
24105
24106
24107
24108
24109
24110
24111
24112
24113
24114
24115
24116
24117
24118
24119
24120
24121
24122
24123
24124
24125
24126
24127
24128
24129
24130
24131
24132
24133
24134
24135
24136
24137
24138
24139
24140
24141
24142
24143
24144
24145
24146
24147
24148
24149
24150
24151
24152
24153
24154
24155
24156
24157
24158
24159
24160
24161
24162
24163
24164
24165
24166
24167
24168
24169
24170
24171
24172
24173
24174
24175
24176
24177
24178
24179
24180
24181
24182
24183
24184
24185
24186
24187
24188
24189
24190
24191
24192
24193
24194
24195
24196
24197
24198
24199
24200
24201
24202
24203
24204
24205
24206
24207
24208
24209
24210
24211
24212
24213
24214
24215
24216
24217
24218
24219
24220
24221
24222
24223
24224
24225
24226
24227
24228
24229
24230
24231
24232
24233
24234
24235
24236
24237
24238
24239
24240
24241
24242
24243
24244
24245
24246
24247
24248
24249
24250
24251
24252
24253
24254
24255
24256
24257
24258
24259
24260
24261
24262
24263
24264
24265
24266
24267
24268
24269
24270
24271
24272
24273
24274
24275
24276
24277
24278
24279
24280
24281
24282
24283
24284
24285
24286
24287
24288
24289
24290
24291
24292
24293
24294
24295
24296
24297
24298
24299
24300
24301
24302
24303
24304
24305
24306
24307
24308
24309
24310
24311
24312
24313
24314
24315
24316
24317
24318
24319
24320
24321
24322
24323
24324
24325
24326
24327
24328
24329
24330
24331
24332
24333
24334
24335
24336
24337
24338
24339
24340
24341
24342
24343
24344
24345
24346
24347
24348
24349
24350
24351
24352
24353
24354
24355
24356
24357
24358
24359
24360
24361
24362
24363
24364
24365
24366
24367
24368
24369
24370
24371
24372
24373
24374
24375
24376
24377
24378
24379
24380
24381
24382
24383
24384
24385
24386
24387
24388
24389
24390
24391
24392
24393
24394
24395
24396
24397
24398
24399
24400
24401
24402
24403
24404
24405
24406
24407
24408
24409
24410
24411
24412
24413
24414
24415
24416
24417
24418
24419
24420
24421
24423
24424
26007
26016
26100
26101
26107
26109
26110
26138
26139
26151
26155
26158
26159
26160
26161
26212
26213
28000
28001
28002
28005
28006
28008
28010
28011
28022
28023
28038
28042
28044
28100
28101
28102
28103
28104
28105
28107
28110
28136
28138
28202
28203
28204
28223
28224
28225
28226
28240
28241
28242
28243
28244
28253
28254
28255
28256
28257
28258
28302
28303
28304
28305
28306
28315
28316
28317
28318
28310
28311
28320
28321
28322
28326
28327
28332
28333
28342
28352
28353
28354
28355
28356
28357
28358
28359
28372
28374
28377
28379
28380
28381
28382
28386
28391
28392
28410
28411
28413
28414
28415
28416
28417
28418
28419
28420
28421
28422
28423
28424
28425
28426
28429
28430
28433
28434
28437
28438
28441
28442
28443
28444
28445
28446
28447
28448
28449
28450
28451
28452
28453
28454
28455
28456
28457
28458
28459
28460
28461
28462
28463
28464
28465
28466
28467
28468
28469
28470
28471
28472
28483
28484
28485
28491
28492
28495
28496
28499
28501
28502
28503
28506
28507
28508
28509
28510
28513
28520
28521
28531
28533
28551
28564
28565
28573
28575
28594
28598
28600
28601
28602
28605
28606
28612
28618
28619
28626
28629
28633
28700
28701
28702
28703
28706
28717
28725
28745
28755
28762
28763
28764
28765
28767
28768
28900
28901
28902
28903
28904
28905
28906
28907
28908
28909
28910
28913
28915
28916
28918
28920
28921
28922
28929
28941
28951
28955
31040
31056
31089
31091
31316
31325
31479
31588
31602
32005
32013
32014
32019
32023
32024
32025
32107
32108
32203
32204
32206
32207
32208
32209
32210
32222
32227
32228
32229
32230
32231
32232
32233
32237
32238
32239
32242
32258
32262
32263
32301
32302
32350
32351
19482
19483
19484
